-0.181108983694 1.36353342618 0
-0.716413460951 1.45473440401 0
-0.510915008506 -2.36495839919
0.223181155303 -0.296470717231
-0.822830365343 1.37629770667
-0.404727476544 -0.081426716636
-2.28963485477 -3.22536233879
-0.305552953066 -1.20577224349
1.44295594759 0.712379418203
-0.57184802105 -0.670502464512
-0.0931565782733 0.681077696523
-1.64114018959 0.677423261487
-2.32639820406 -0.15071888479
-0.00795321955657 -0.562925704704
-0.0502065184462 1.39254740438
-0.961757031995 -0.0199459842975
0.371068843799 0.745421507592
1.17579785462 0.226456595706
1.625120903 0.596578990169
0.887773890984 1.0880714886
-0.525529343661 -1.21322190218
-2.13773017782 0.859892873102
1.40959358731 -1.57444825579
-0.032451501189 -0.446621259495
0.137933076586 1.17544366452
-0.163727281315 0.256013410036
-1.41959059241 -0.945216917248
0.670916339155 0.253054334942
1.53732767663 0.628110162706
0.760963861388 -0.124686852219
1.74443835714 -1.47885056691
-1.12289805849 -0.83512241535
-0.270805856483 0.737235259019
0.574728503327 0.0706559155192
0.884308210284 0.395442039515
-1.35671247467 -0.0446989051792
-1.32538813739 0.605765147289
-0.396191580343 -0.822391741267
0.541758584258 0.0194432343121
-0.593625249146 -1.84544611637
1.16788455936 2.40802659022
-1.03663710096 -0.572109340266
-0.265952076639 -0.347262490569
-0.798905437271 -0.244411847283
-1.01594524265 -0.40925007258
1.45203601268 0.979513070291
0.215387957861 -2.27823401158
-0.179117181959 0.0240466741006
-1.70532505446 -0.537482080025
-1.1600345635	 0.802534897295
0.908859791973	 2.28657786962
1.38079427338	 0.988221136447
0.649334986641 	0.674460813802
0.0343391244923 	1.427784059
1.69531809226	 1.41209905137
1.05571621419	 1.97640596237
1.95354800548	 -0.0531560033389
0.272956195998	 0.320453432314
0.702297347201	 0.375186759181
0.716361337735	 1.53623918414
-0.338316963615	 1.7054599793
1.32853090723	 0.549529614189
3.41721202002	 0.834672318609
1.50687013954	 -0.101644132138
1.14542177188	 -1.18281693509
1.81351178333	 1.10462159158
2.4227279191	 0.106626103063
1.06665863157	 -1.32068106997
0.028089859492	 0.137292961488
1.94183319897	 0.328913469612
1.13746895204	 3.01544302691
-0.245051001341	 0.750222980334
0.861213161552	 1.59328727124
1.13809197828	 -0.620861034641
2.38884779454	 1.49079977588
0.481778003125	 0.416495212288
2.16156006165	 -0.00284348583947
1.50272035293	 -0.8929324392
1.9205668342	 -0.770478423428
-0.00952333642278 	1.55159166056
1.74627146399	 0.568770088216
0.690251792656	 -0.517974510838
1.39325179481	 0.729814020781
1.27203953137	 1.24549302385
1.7546350966 	0.474563225115
1.2531560713 	2.55929723326
1.10827131162 	0.331342689258
0.875164397436 	-0.0837749096344
1.38148325717	 2.68614906692
-0.0134432794246 	0.116191792628
0.320750374816	 2.41593486975
1.3726013803	 0.56622448184
-0.31892574185	 1.33001989535
1.24108994553	 -0.710234242883
2.32644501977	 2.91984067746
0.977057288795	 2.51697156493
2.21172699616	 -0.626273661569
-0.588392506605	 -1.20363080447
1.82539587943	 -1.04519502778
2.4987012282	 -1.14571441089
1.0812568514	 3.66416846239
6.33537085177	 1.72836280201
2.64427140888	 11.5027989688
1.09162421722	 4.91140285598
6.70425648276	 3.52321368476
4.38508545409	 5.99409133873
2.52861185671	 5.36203525093
4.96947198786	 6.26285912819
4.07934870695	 6.47255997116
1.35367306696	 6.05360415559
6.28666801065	 -1.08630625497
4.64101875749	 5.14170399498
4.40127400795	 6.70843921248
7.70748508021	 5.57393880549
2.04386176281	 11.0051894827
1.95950345286	 7.57789444012
4.48446697062	 8.0668176087
6.45046948632	 4.81006737074
4.81957498724	 6.52431631824
5.05223340562	 4.14119887329
2.94751383586	 7.38272858853
3.17745315274	 11.2041195476
4.68131784166	 10.2657770591
2.5724333382	 4.09718216884
4.09580386798	 4.78123478195
4.70914894582	 9.47890376854
3.40434029315	 -1.03003233143
0.0230231607223	 4.63395474671
3.2556729084	 6.21934750824
2.40146052502	 5.29483370324
5.13772079841	 2.34473020004
4.90120425824	 10.4027353633
2.72172304737	 4.67780745051
1.91400560993	 -0.657557617098
1.95058559692	 2.09588962261
4.20278972781	 -0.723730004714
6.52171472569	 4.93496074184
3.02073190854	 3.37889973764
1.77420952399	 8.1400577274
4.76662711057	 3.33673332939
5.18868929109	 4.29205182731
5.61179301905	 -1.30591265329
0.62843421197	 6.75563183639
0.247534650519	 -2.78889867292
0.472769381215	 4.94983754661
10.1211110487	 0.219306060929
4.99181926462	 0.509539176337
2.38349489452	 1.7175135595
4.57599962227	 5.57742428801
5.37996328157	 4.34788203267